2500592
4700505
4700506
4800523
4800524
2500617
4600533
4600568
4600586
4600587
4600622
4700507
4700531
4700532
4700533
4700537
4700546
4700570
4700583
4800509
4800510
4800630
4800633
4800652
4800698
6300639
6400517
6400518
6400519
6400521
6400613
6400616
1500664
1500668
2100936
2100945
2500616
2500634
2500637
2601600
2601602
2601608
2601610
4400508
4400521
4400557
4400837
4600517
4600531
4600534
4600535
4600538
4600559
4600560
4600563
4600565
4600567
4600580
4600582
4600583
4600606
4600607
4600608
4600612
4600619
4600620
4600622
4600624
4600631
4600762
4600766
4600767
4600768
4600902
4600905
4600906
4600907
4600914
4600922
4700508
4700544
4700551
4700552
4700553
4700558
4700559
4700561
4800509
4800510
4800529
4800533
4800536
4800543
4800544
4800545
4800546
4800547
4800549
4800550
4800551
4800552
4800654
4800655
4800657
4800658
4800659
4800713
4800726
4800728
4800739
4800741
5500562
5901580
6200926
6300644
6300646
6400525
6400609
6400938
6500901
2100515
2100527
2100529
2100545
2100571
2100574
4400897
4400928
4600516
4600517
4600532
4600533
4600534
4600562
4600564
4600582
4600584
4600586
4600588
4600609
4600761
4600762
4600763
4600767
4600905
4600907
4600912
4600914
4600918
4600919
4600923
4600924
4600927
4600928
4700550
4700563
4700564
4700565
4800504
4800506
4800509
4800510
4800541
4800557
4800595
4800626
4800652
4800656
4800660
4800686
4800687
4800688
4800690
4800692
4800694
4800730
6200727
6200730
6200938
6400551
6400662
6400933
6400938
6400941
2100513
2100514
2100515
2100522
2100530
2100855
2100895
2100929
2500523
2500524
2500529
2500530
2500534
2500535
2500540
2500575
2500605
2500615
2500616
2500617
2500620
2500622
2500624
2500648
2500649
2500650
2500652
2600503
2600504
2600505
2600536
2600537
2600538
2600543
2600544
2600556
4100590
4400560
4600516
4600517
4600519
4600520
4600521
4600522
4600525
4600531
4600540
4600564
4600565
4600567
4600568
4600580
4600581
4600583
4600585
4600587
4600588
4600609
4600611
4600614
4600721
4600722
4600723
4600724
4600761
4600762
4600763
4600767
4600769
4600770
4600903
4600906
4600914
4600917
4600919
4600927
4600929
4700502
4700503
4700578
4700579
4700580
4700581
4700585
4700588
4700590
4800518
4800519
4800520
4800527
4800546
4800547
4800548
4800549
4800550
4800551
4800553
4800554
4800555
4800556
4800558
4800559
4800560
4800561
4800562
4800563
4800564
4800565
4800566
4800567
4800568
4800570
4800593
4800596
4800599
4800600
4800617
4800621
4800622
4800627
4800648
4800649
4800673
4800678
4800679
4800680
4800681
4800682
4800689
4800694
4800733
4800769
4800770
4800778
4800779
5901581
5901718
5901734
6300545
6300546
6300639
6300640
6300641
6300642
6300644
6300921
6300922
6400516
6400518
6400519
6400520
6400521
6400522
6400523
6400525
6400527
6400532
6400533
6400534
6400535
6400552
6400607
6400613
6400614
6400615
6400616
6400619
6400620
6400621
6400622
6400623
6400663
6400664
6400665
6400666
6400667
6400668
6400669
6400670
6400691
6400692
6400693
6400694
1600556
2100514
2100523
2100526
2100527
2100531
2100543
2100574
2100621
2100893
2100944
2500521
2500602
2500622
2600505
2600506
2600507
2600545
4100668
4100956
4200502
4300502
4400519
4600518
4600519
4600531
4600532
4600533
4600538
4600562
4600565
4600568
4600581
4600583
4600585
4600589
4600609
4600615
4600624
4600725
4600726
4600727
4600728
4600905
4600912
4600925
4700509
4700551
4700586
4700589
4800511
4800512
4800513
4800516
4800517
4800518
4800520
4800529
4800530
4800618
4800619
4800628
4800630
4800631
4800633
4800634
4800635
4800637
4800638
4800639
4800642
4800644
4800652
4800790
4800791
4800792
4800793
6300923
6400471
6400477
6400519
6400530
6400537
6400538
6400748
6400749
6400751
6400752
6400753
6400754
6400755
6400756
6400757
6400758
6400759
6400760
6400761
6400762
6400765
6400766
6400767
6400973
6400974
6400975
2100955
2100956
2100963
2500623
3301508
4401608
4401618
4401620
4401623
4401629
4401632
4401634
4600778
4600779
4601530
4601531
4601584
4601585
4601653
4701506
4701508
4701658
4701660
4701661
4701664
4800278
4800282
4800531
4800664
4801600
4801601
4801602
4801603
4801604
4801605
4801606
4801607
4801608
4801610
4801611
4801612
4801613
4801614
4801615
4801616
4801617
4801618
4801619
4801620
4801621
4801622
4801623
4801624
4801625
4802000
4802003
4802004
4802006
4802008
4802009
5401506
5501602
6300561
6300562
6300563
6300564
6300565
6300566
6300567
6300569
6300570
6300646
6301550
6301551
6400523
6400524
6400524
6400526
6400526
6400528
6400547
6400549
6400550
6400553
6400554
6400555
6400560
6400561
6400562
6400606
6400606
6400971
6400972
6401500
6401550
6401552
6401553
6401554
6500602
1300529
2101511
2101515
2101539
2101540
2101541
2101547
2101549
4400899
4401752
4401755
4401757
4601500
4601521
4601528
4601588
4601590
4601601
4601603
4601608
4601612
4601615
4601619
4601622
4601623
4601626
4601630
4601632
4601635
4601638
4601650
4601651
4601652
4601653
4601659
4701507
4701662
4701665
4701670
4701671
4701672
4701673
4801609
4801626
4801629
4801631
4801634
4801635
4801637
4801638
4801639
4801641
4801710
4801711
4802500
4802501
5501513
6203523
6203526
6300568
6400776
6400777
6401501
6401507
6401532
6401533
6401535
6401651
2101513
2101519
2101524
2101543
2101587
2101589
2101601
2501545
2501649
2600569
2600570
2601604
2601606
2601612
2601614
2601616
2601620
2601621
3401553
4101596
4101608
4101610
4101619
4101622
4101623
4101624
4101625
4101626
4101627
4101629
4401549
4401553
4401554
4401555
4401750
4401751
4401753
4401754
4401756
4401768
4401772
4401778
4401779
4401780
4401781
4401782
4401784
4401786
4401795
4401797
4401803
4401804
4401805
4401806
4401807
4401808
4401809
4401810
4401811
4401812
4600919
4601508
4601525
4601550
4601582
4601593
4601594
4601595
4601596
4601597
4601598
4601600
4601602
4601604
4601605
4601606
4601609
4601627
4601633
4601637
4601668
4601678
4701505
4701505
4801628
4801632
4801633
4801634
4801635
4801636
4801636
4801637
4801638
4801649
4801650
4801651
4801652
4801653
4801654
4802503
4802505
4802506
4802507
4802508
4802509
4802510
4802511
4802512
4802514
4802515
4802516
4802517
4802518
5401548
6200513
6203506
6203518
6203525
6203527
6203549
6203550
6203551
6203552
6203553
6203554
6203555
6203556
6203557
6203558
6203559
6203560
6203561
6203562
6203563
6203564
6203565
6203566
6203567
6203568
6203569
6203570
6203571
6203572
6203573
6203602
6203603
6301501
6301502
6301504
6301505
6301506
6301507
6301555
6301557
6301559
6301560
6301561
6301592
6301594
6301596
6301598
6301600
6301602
6401502
6401503
6401504
6401505
6401506
6401530
6401531
6401536
6401537
6401538
6401539
6401540
6401541
6401542
6401543
6401544
6401545
6401551
6401555
6401556
6401557
6401561
6401562
6401563
6401564
6401565
6401566
6401567
6401568
6401569
6401570
6401571
6401572
6401654
6401655
6500599
6501553
6501555
6501556
2101617
2101630
2101631
2501510
2501511
2501512
2501514
2501515
2501516
2501517
2501518
2501519
2501520
2501521
2501522
2501523
2501524
2501525
2501526
2501527
2501528
2501529
2501530
2501531
2501532
2501533
2501534
2501535
2501536
2501537
2501538
2501539
2501540
2501541
2501542
2501543
2501544
2501661
2501662
2501663
2501664
2501665
2501667
2501668
2501669
2601504
2601505
2601506
2601507
2601509
2601622
2601623
2601624
2601625
2601626
2601627
4101661
4101662
4101663
4101664
4101666
4401821
4401822
4401824
4401825
4401832
4401840
4401894
4401895
4401896
4401897
4401898
4401899
4401900
4401901
4401902
4402527
4402528
4402529
4402530
4402531
4402532
4402533
4402534
4402535
4402536
4402537
4402538
4601599
4601607
4601674
4601676
4601687
4601700
4601701
4601702
4601703
4601704
4701716
4801655
4801657
4801658
4801659
4801660
4801661
4801663
4801664
4801665
4801666
4801667
4801668
4801669
4801670
4801671
4801678
4801714
4801715
4801716
4801717
4801718
4801751
4801753
4801754
4801755
4801757
4801759
4803911
4803912
4803913
4803914
4803915
4803916
5401668
5501575
6202658
6202659
6202660
6202661
6202662
6202663
6202664
6202665
6202666
6202667
6202668
6202669
6202675
6202676
6202677
6202678
6202679
6202680
6202681
6202682
6202683
6202684
6203574
6203575
6203576
6203577
6203578
6203579
6203580
6203581
6203582
6203583
6203584
6203585
6203586
6203587
6203588
6301500
6301503
6301511
6301543
6301544
6301545
6301565
6301566
6301567
6301568
6301569
6301570
6301571
6301688
6401546
6401547
6401548
6401549
6401780
6401781
6401782
6401783
6401788
6401789
6401795
6401796
6401797
6401800
6401804
6401806
6401807
6401808
7101564
7101565
7101568
2101627
2101629
2101797
2101798
2101799
2101800
2101801
2101802
2101803
2101804
2101805
2101806
2501513
2501710
2501711
2501712
2501713
2501714
2501715
2501716
2501717
2601500
2601501
2601502
2601503
2601508
2601709
4101652
4101655
4101656
4101657
4101658
4101659
4101815
4401828
4401847
4401849
4401852
4402553
4402554
4402555
4402556
4402557
4402559
4402560
4402561
4402562
4402564
4402565
4402566
4402567
4402568
4402584
4402586
4402587
4402589
4402590
4402591
4402593
4402594
4402595
4402596
4402598
4402599
4402600
4402601
4402602
4402603
4402604
4402605
4402606
4402607
4402608
4402609
4402610
4402611
4402612
4402613
4402614
4402615
4402616
4402617
4402618
4402619
4402620
4402621
4402622
4402623
4402624
4402625
4402626
4402627
4402628
4402629
4402630
4402631
4402632
4402633
4402634
4402635
4402636
4402637
4402638
4402639
4402640
4402641
4402642
4402643
4402644
4402645
4402646
4402647
4402648
4402649
4402650
4402651
4402652
4402653
4402666
4402667
4402668
4402669
4601785
4601786
4601787
4601788
4601789
4601790
4601791
4601792
4601793
4601794
4601796
4601797
4601798
4601799
4601801
4601802
4601815
4601816
4801672
4801673
4801674
4801675
4801676
4801677
4801680
4801681
4801682
4801683
4801684
4801685
4801686
4801687
4801688
4801719
4801720
4801721
4801722
4801723
4801724
4801725
4801726
4801727
4801728
4801729
4802542
4802543
4802544
4802545
4802546
4802547
4802550
4802551
4802641
4802642
4802643
4802644
4802645
4802646
4802647
4802648
4802649
4802650
4802653
4802654
4802655
4802656
4802657
4802659
4802660
4802661
4802662
4802663
4802665
5201723
6202623
6202626
6202627
6202628
6202630
6202631
6202632
6202633
6202634
6202635
6202636
6202637
6203754
6203755
6203756
6203758
6203760
6203761
6301508
6301510
6301536
6301546
6401581
6401784
6401809
6401811
6401812
6401813
6401814
6401817
6401818
6401820
6401821
6401822
6401824
6402505
6402506
6402508
6402509
6402510
6402512
6402513
6402514
6402515
6402516
6402518
6402519
6402522
6402523
6402524
6402526
6402527
6402528
6402529
6402530
6402531
6402533
6402534
6402535
6402536
6402537
6402539
6402540
6402541
6402542
6402544
6402545
6402546
6402547
6402548
6402549
6402550
6402551
6402552
6402553
6402554
6402564
6402565
6402567
6402568
6402569
6402570
6402571
6402572
6402573
6501500
6501501
6501502
6501504
6501535
6501536
6501537
6501538
6501540
6501541
6501542
6501543
6501544
6501695
6501696
6501697
6501698
6501700
6501701
6501702
6501703
6501704
4801703
4801704
4801705
2501666
2601710
2601711
2601712
2501718
4701745
4701742
4701744
4701743
4701747
4701737
4701741
4701738
6401863
6401864
6401866
4402709
4402712
4402714
6401867
6401869
6401856
6401857
6401870
6401871
4402715
4402716
4402717
6401873
6401874
6401875
6401852
6401849
6401833
6401834
4402718
6401835
6401836
6401837
6401830
6401832
6402654
6402655
6501689
4101654
4701739
4801697
2101685
6203747
6203748
6203749
6203750
6203751
6203752
6203753
4101842
4101843
6402555
6402557
6402558
6402559
6402560
6402562
6402563
6501545
6501548
6501670
6501671
6501674
6501675
6501676
6501677
6501679
6501681
6501685
6501687
6203778
6203779
6203781
6203783
6203784
6203785
6203786
6203787
6203788
6203789
6203790
6203791
6203792
6203793
6203794
6203795
6203796
6203797
6203798
6203799
6203800
6402587
6402588
6402589
6402590
6402591
6402592
6402593
6203802
6203803
6203804
6203805
6203806
6203807
6203808
6203809
6402594
6402595
6402596
6402597
6402598
6402599
6402610
6402611
6402612
6402614
6402677
6402678
6402679
6401853
6402656
6402657
6401838
6401839
6401840
6401841
6401842
6401843
6401844
6402658
6402659
6402660
6402661
6402663
6402665
6402666
6402667
6402668
4802548
4802549
4802552
4601810
4601811
4601812
4601813
4601814
6402645
6402646
6402647
6402648
6402649
6402650
6402651
6402652
6402673
6402674
6401854
6402675
6402676
4801760
4701735
4701736
4801761
4801764
4801765
4801767
4801768
4801769
4801770
4601783
4801771
4801772
4801774
4801773
4802618
4601820
4601821
4601823
4801693
4801694
4801695
4801689
4801699
4801700
4601817
4601818
4601819
4801701
4701513
4701514
4701515
4801698
4801706
4801691
4801692
4701516
4701517
2601516
2601517
2601518
2601713
2601714
2601716
2601717
4803990
4802600
6402710
6402711
6402712
6402713
6402714
6402715
6402716
6402717
4802588
6203741
6203742
6203744
6203745
6203746
2601510
6402683
6402684
6402685
6402718
6402719
6402720
6402721
6402722
4802615
4802616
4802617
3801550
4803978
4801674
4801690
7801551
4803979
2801952
4803980
7801552
5801961
7101595
7101594
4601855
4601698
4601699
4802589
4802592
4802593
4802586
4802595
4802587
4802591
4802606
4802605
4802604
4701522
4802601
4802596
4802590
4701520
4802597
4802607
4802608
4802598
4701533
4802599
4801708
4801709
4802583
4802584
4802585
4701557
4701518
4802609
4802610
4802611
4802612
4802613
4802614
4701519
6401583
6101578
6401587
6101581
4802632
4802635
4802633
4802636
4802637
4802669
4802667
4802634
4802638
4802640
4701521
4802666
4802639
4802602
4802603
1801768
1801769
1801779
1801780
1801781
2802061
2802062
2802063
2802064
2802065
2802066
2802079
3801665
3801666
4601553
4601857
4601858
4601859
4601860
4601861
4701523
4701524
4701525
4701526
4701528
4701529
4701530
4701531
4701532
4701534
4701535
4701536
4701537
4701538
4701539
4701540
4701542
4701544
4701545
4701549
4701552
4701553
4701554
4701555
4701560
4701562
4701563
4701565
4701566
4701568
4701569
4802619
4802620
4802621
4802622
4802623
4802624
4802625
4802626
4802628
4802629
4802630
4802631
4802675
4802676
4804090
4804097
4804098
4804099
4804100
5802061
5802073
5802074
5802075
6203655
6203656
6203657
6203660
6203661
6203666
6203667
6203669
6801880
6801881
6801882
6801884
6801885
6801906
1801710
1801857
1801858
2501548
2501554
2501575
2501576
2501577
2501578
2501580
2501585
2501589
2601511
2802019
3801619
4701567
4701570
4701571
4701573
4701577
4701578
4701580
4701581
4701583
4701584
4701585
4701588
4701591
4701592
4701594
4701595
4701596
4701597
5802085
5802086
6301513
6801806
6801896
6801897
6801898
6801900
6801980
7801622
7801641
7801686
7801720
7801721
7811005
7811006
1801723
1801859
2101693
2501547
2501549
2501550
2501551
2501552
2501553
2501555
2501556
2501557
2501558
2501559
2501579
2501581
2501582
2501583
2501584
2501586
2501587
2501588
2501590
2501591
2501592
2501593
2601512
2601513
2601520
2601521
2601522
2601523
2601524
2601525
2601526
2601527
2601528
2601529
2601530
2601531
2601532
2601534
2601535
2601536
2601537
2601538
2601540
2601541
2601542
2601543
2601544
2601545
2601546
2601547
2601548
2601549
2802016
2802080
2802092
4101665
4101845
4402654
4601551
4601552
4601554
4601555
4601556
4601557
4601558
4601559
4601784
4701512
4701527
4701541
4701543
4701546
4701547
4701548
4701550
4701551
4701561
4701564
4701567
4701572
4701576
4701579
4701582
4701586
4701589
4701590
4701599
4701600
4701603
4701604
4701659
4801639
4801762
4801763
4802502
4802504
4802539
4802582
4802594
4802627
4802664
4802674
4804041
4804049
4804061
4804178
5802022
5802060
5802062
6203662
6203664
6203666
6203668
6301514
6301515
6301517
6301518
6301520
6301521
6301522
6301523
6301524
6301525
6301528
6401872
6501699
6801815
6801883
6801886
7801624
7801701
7801722
7801723