41099    
62091    
62103    
62304    
22102    
62086    
22108    
62050    
22106    
22107    
22184    
22105    
0100608  
0100610  
2100571  
2100626  
2100935  
2300960  
2300996  
2300998  
2500524  
2500534  
2500535  
2500540  
2500586  
2500602  
2500616  
2500617  
2500620  
2500648  
2500652  
2600538  
3300537  
3300659  
3300668  
4400505  
4600527  
4600568  
4600585  
4600722  
4600908  
4700579  
4700585  
4800540  
4800541  
4800542  
4800558  
4800563  
4800564  
4800568  
4800570  
4800593  
4800627  
4800678  
4800679  
4800681  
4800682  
6300641  
6300921  
6300922  
6400472  
6400532  
6400533  
6400535  
7100238  
7100244  
7100246  
7100247  
7100250  
7100608  
7100610  
1400541  
1500641  
2100931  
2300994  
4800569  
4800680  
4800777  
7100609  
7300633  
2100901  
4100099  
4600534  
4600923  
6400471  
6400743  
7100248  
1500952  
1600941  
4600768  
4700582  
4800628  
4800629  
4800630  
4800631  
4800633  
4800776  
4800778  
4700573  
4700588  
4700590  
4800600  
4800632  
1700908  
2500532  
2600503  
4600910  
5500903  
5400920  
7100612  
0100574  
3300685  
4600535  
7100574  
2300668  
2500622  
3300575  
4800520  
4800651  
4800672  
4800781  
5500904  
6400752  
6400753  
6400754  
6400755  
6400760  
2500619  
2500621  
4600580  
4700551  
4700552  
4700589  
4800513  
4800527  
4800529  
4800655  
5500638  
6400756  
6400757  
6400758  
6400759  
2500623  
4600728  
4800512  
4800516  
5600912  
6300546  
6400692  
6500512  
6500517  
6500518  
3300599  
4600916  
2200627  
4200535  
5500639  
0200801  
4400547  
5401500  
5401504  
5401505  
6500603  
7200801  
0200830  
0200831  
200801   
200830   
200831   
4300569  
7200830  
7200831  
2300673  
4200520  
4800531  
4800533  
4800534  
5500905  
7200833  
7300653  
2300674  
2300707  
7200827  
7300660  
2300671  
3200676  
4601520  
5600563  
7100245  
7100751  
7100752  
7100755  
7100760  
7100761  
7100763  
7100764  
7201505  
1600668  
2300706  
5501603  
5600902  
7100750  
7100762  
7201502  
7201503  
1600564  
2300592  
2300593  
3300833  
3300951  
3301500  
3301501  
3301504  
3301505  
3301506  
3301507  
3301509  
5301601  
5600560  
5600562  
7201501  
3301503  
4800268  
4800269  
4800270  
4800271  
4801621  
5301600  
6301552  
6301553  
2300670  
2600568  
2601560  
2601561  
4601500  
4800273  
4800274  
4800275  
4800276  
4800510  
4801602  
4801612  
7201507  
1600944  
4401602  
4801600  
4801607  
4801608  
4801611  
4801613  
4801614  
4801615  
4801617  
4801618  
4801622  
4801624  
6400530  
4401629  
4601583  
4801623  
5100817  
5102531  
6500515  
2301703  
4801620  
7201504  
2100930  
4801629  
5501511  
5501514  
5501510  
5501515  
7301500  
7301501  
4101510  
4400881  
4600779  
5501508  
5501516  
6500519  
2101534  
6100188  
2201538  
2201540  
5102512  
5501512  
5501517  
7101550  
1401655  
2301544  
4601517  
6300562  
6401651  
6401693  
2101544  
4400886  
4601638  
4701658  
4701659  
4701660  
4701661  
4801710  
4801711  
4802008  
4802009  
5102527  
5301603  
7201506  
2100612  
2101543  
4601588  
4601623  
4601632  
4701676  
4801609  
6203521  
6401681  
6401684  
6401687  
2101514  
2101517  
2301708  
4301524  
4600525  
5102559  
5300624  
6203519  
6301550  
6401690  
2101511  
3401539  
4400839  
6300566  
6300646  
6401680  
6401689  
6401691  
1401596  
2101516  
2101539  
2301709  
4601585  
5401588  
5501513  
6401683  
3401532  
3401535  
3401536  
3401537  
3401538  
4801628  
5401578  
5401579  
5401580  
5401589  
6401682  
6401696  
6401698  
7101506  
7101507  
7101508  
7101509  
2301522  
3300952  
5401592  
5501551  
5501562  
7201517  
1501518  
3401534  
5401547  
5401549  
5401591  
5401593  
5401596  
5501549  
5501550  
5501552  
5501553  
5501554  
5501555  
5501556  
5501558  
5501559  
5501560  
5501561  
7201515  
7201516  
7201518  
4801636  
4801639  
4802503  
4802504  
4802505  
4802506  
4802507  
4802508  
4802509  
4802510  
4802511  
4802512  
4802514  
4802515  
4802516  
5301511  
5501548  
6102534  
6102540  
7101505  
1601543  
4601525  
5501607  
6203518  
2301549  
7401508  
7401509  
5301506  
6301500  
6301501  
6301502  
6301503  
6301504  
6301505  
6301506  
6301507  
2200190  
2200951  
2501649  
4801641  
1200516  
4101747  
4301556  
4600521  
4700540  
4801649  
4801650  
4801652  
4801653  
4801654  
6301670  
6401501  
6401565  
2101545  
2200106  
4601582  
6102570  
6301557  
2200184  
4101605  
4301612  
4601662  
4601679  
6200087  
1501517  
1701573  
3201585  
4802537  
5501593  
6102587  
7100061  
3101531  
4801655  
4801656  
5501594  
6102596  
6102741  
6102745  
1701575  
5501595  
5501596  
1701586  
1701587  
1701590  
5301574  
5601568  
1601617  
1601619  
1701589  
2301613  
3301564  
1601701  
1701578  
2100229  
2501538  
3201613  
4801659  
4801754  
4801759  
5401552  
5401597  
1402551  
1701579  
2600569  
2600570  
4301609  
4601619  
4801664  
1701565  
4301549  
6301539  
6401802  
7101532  
7401533  
1601629  
2201576  
4601593  
4601678  
4801658  
4801671  
4801751  
5301531  
6301684  
6301685  
6301686  
6301689  
6402507  
2201552  
4402688  
6202682  
6301548  
6401788  
6401799  
6401800  
2101617  
4401822  
4401825  
4402691  
4402706  
4601627  
4601676  
5601569  
6203569  
6401787  
6401789  
1601652  
4401839  
4402690  
4402693  
4402695  
4402697  
1301588  
3101567  
4802641  
5401706  
5401708  
5401714  
5401717  
6202676  
6203576  
6401568  
6401569  
2601504  
3401633  
4101661  
4402500  
2101635  
2601505  
2601509  
4801672  
4801673  
7301506  
7401531  
1601700  
1701582  
3401551  
7301531  
3101556  
7301507  
7301509  
1701559  
1701576  
2200297  
2301790  
4101587  
4601787  
4601790  
4601793  
6301510  
6301511  
1701580  
2601507  
4301516  
4601788  
4601789  
4601791  
6202677  
6401502  
6401577  
6401580  
2601508  
4402668  
4601785  
4601786  
4602503  
4801723  
4802542  
4802546  
6401784  
7101533  
1401500  
2101624  
2101809  
4402661  
4601815  
4601816  
4602501  
4801686  
4801719  
4801720  
4801721  
4801724  
4801729  
4802544  
4802547  
4802551  
4802653  
4802655  
4802657  
4802659  
4802660  
4802661  
4802662  
4802663  
6202628  
4402593  
4801722  
5301765  
6203646  
6301682  
1401801  
4402590  
4402631  
4601803  
4801727  
4802654  
6202665  
6301544  
6401807  
4101662  
4402620  
4601801  
6401795  
6402569  
4101833  
5401764  
5601594  
6204580  
2200189  
4402534  
5102597  
5501669  
6301674  
6401864  
4601647  
4801691  
4801692  
4801696  
4801697  
5501670  
6401867  
4801698  
5301570  
1701529  
6401868  
4701741  
4701742  
4701743  
4701744  
4701745  
4801706  
4801762  
4801764  
4801765  
4801767  
4801769  
4801770  
4801771  
4801774  
6402558  
1601665  
1701531  
4601810  
4601812  
4601818  
4601821  
4601823  
4701736  
4701747  
4801705  
5601588  
6100431  
6202632  
6301575  
6301576  
6402649  
4402710  
4601813  
4601814  
4601817  
4601819  
4701735  
4701737  
4701738  
4801768  
6204598  
6402595  
6402624  
6501673  
4101655  
4402709  
4402712  
4402713  
4402716  
4602733  
4701739  
4801761  
4801763  
4801773  
4802552  
6203779  
6204559  
6401871  
6402647  
6402660  
6402666  
6501547  
6501678  
6501685  
6501687  
2101685  
4101654  
4402714  
4402715  
4402718  
4402725  
4801760  
6203778  
6203783  
6203791  
6203809  
6204587  
6301618  
6301619  
6401875  
6402588  
6402590  
6402612  
4402720  
4402724  
4402726  
4801772  
6203788  
6203790  
6203792  
6204599  
6402587  
6402589  
6402591  
6501671  
6501676  
6501689  
4101658  
4401850  
4601797  
4602724  
4602751  
6203585  
6204589  
6402598  
6501674  
4101656  
4101843  
5401768  
6102702  
6203563  
6401873  
6402659  
4801674  
4801708  
4801709  
4802582  
4802584  
4802586  
4802587  
4802588  
4802590  
4802591  
5501658  
1701701  
2101885  
4403570  
4403571  
4701518  
4701519  
5401770  
1701706  
1701705  
6401589  
2101620  
3401568  
6401582  
6401583  
6401584  
6401585  
6401586  
6401590  
2801952  
3801550  
4802593  
4802596  
4802599  
4802600  
4803978  
4803979  
4803980  
5102824  
5801961  
6401587  
7801551  
7801552  
4402748  
4602524  
4802592  
4802594  
4802597  
4802598  
4802602  
4802603  
4802605  
4802607  
4802608  
4802609  
4802610  
4802611  
4802612  
4802613  
4802614  
4802669  
6401872  
4802604  
4802606  
4803989  
5801965  
4102635  
4101842  
4602546  
6203652  
4100137  
4102548  
4802623  
4802624  
4802625  
6202627  
6301621  
1501634  
4701520  
4701521  
4802619  
4802626  
4802627  
4802628  
4802629  
4802630  
4802631  
4802620  
6202594  
6801776  
2601716  
5401697  
5601702  
3100219  
2200306  
3801666  
4701523  
4701524  
4701525  
4701528  
4701530  
4701541  
1801781  
2601714  
4701529  
4701531  
4701537  
4701540  
4701546  
4701551  
4701552  
4701553  
4701554  
4701555  
4701557  
4701560  
4701561  
5601700  
5801987  
6203662  
6203668  
6801883  
6801886  
6801906  
1701651  
1801768  
3801665  
4701526  
4701527  
4701534  
4701536  
4701543  
4701550  
4701567  
4802665  
1801810  
2102640  
3801710  
4401587  
4701533  
4701544  
4701545  
4701547  
4701548  
4701549  
4701559  
4701568  
4802664  
6801790  
7801563  
4602620  
4801707  
2101863  
3801635  
4602625  
4701571  
4701572  
4701573  
6401598  
3801745  
4602623  
3801614  
4601857  
4701570  
4701583  
4701584  
4701585  
4701586  
4701588  
4701589  
4701590  
4701596  
6202623  
6203744  
6203864  
6301577  
7801731  
7801751  
4701579  
4701591  
4701592  
4701594  
4701595  
1501633  
3801686  
4701576  
4701577  
4701578  
4701580  
4701581  
4701582  
4701587  
3801723  
1801773  
6203797  
1801857  
2501548  
2501550  
2501551  
2501557  
2501558  
2501580  
2501581  
2501582  
2501584  
2501587  
2501588  
3801707  
5601703  
2501549  
2501554  
2501586  
6801898  
1801858  
1801859  
2501547  
2501552  
2501555  
2501556  
2501559  
2501576  
3801619  
6801900  
6801980  
7801720  
2501553  
2501575  
2501579  
2501585  
2501589  
2501591  
2501593  
4601860  
6801896  
7801571  
7801722  
7801723  
1801853  
2501583  
5401775  
2501590  
6203830  
6801806  
6801897  
7810517  
1301747  
1301807  
1801861  
6801866  
6801981  
6801983  
1801698  
1801860  
3801763  
4601552  
4701599  
6301512  
6301519  
6301520  
6301521  
6301522  
6301524  
6301528  
6801982  
6801984  
7801601  
4601551  
4701598  
4701600  
4701601  
4701602  
4701603  
4701604  
6301513  
6301514  
6301515  
6301518  
6301525  
6301526  
7801622  
1801697  
5801993  
1301591  
7810548  
